Time: 2021-07-25 16:41:21.654366 | Diet: Guavava
Time: 2021-07-25 18:16:47.049887 | Diet: anar
